5 header
seeds_fromRandom 3.0.0-alpha-84-g2f1e0644 -N 100 -g 16 16 16 -s 1 1 1
grid	a 16	b 16	c 16
size	x 1.0	y 1.0	z 1.0
randomSeed	None
1_pos 2_pos 3_pos 1_euler 2_euler 3_euler microstructure
0.09838564666201638 0.9677141593214089 0.7788397509653755 241.2215190049823 95.77755652330285 156.1330502084275 1
0.35139482363809194 0.4072566210969232 0.8936249331106684 111.95870901889033 138.4891618433726 290.2000258788015 2
0.4758899904458599 0.8987821161957027 0.9161063910481874 42.159831007587115 128.38432131146433 74.9721723864579 3
0.9769715290049119 0.5180332845731084 0.7078223256473267 149.25004398062256 135.35008483633598 140.96842866527933 4
0.723934985440575 0.4183683137407421 0.08327185035848059 177.8435654598628 121.56135344174811 0.583592498110197 5
0.393835032285094 0.5175920180353571 0.8335821596749305 6.784053961511578 123.22821483431233 37.39241216294813 6
0.3576915661757747 0.5893852127596871 0.9187071375852578 307.70573746826955 122.54996929387035 122.06718056002406 7
0.6569846095918898 0.8341891981849743 0.7113676445618643 53.592685470310485 69.10540569590306 81.91765692784217 8
0.6511527997128241 0.5912006705114223 0.7805942121623008 118.20601895911526 116.99451623719912 48.78684956259366 9
0.5951305093362985 0.544243843395419 0.6415399275226336 187.28690308667498 43.540812038134035 241.64937574125054 10
0.1416979151183043 0.21288511206669758 0.9017418690958579 227.42823969756915 91.87756163200388 217.614196862962 11
0.4567415296433271 0.6690979425826733 0.5791755178497678 73.43008600520336 21.29241267066676 241.11618397344685 12
0.16940819872867563 0.27436080255931966 0.8480410701411981 321.4927582714092 37.5117582331753 301.2076237136136 13
0.29501435582048074 0.7734232879085119 0.7301274509886476 223.1606729430282 61.75916822782581 14.006490401633492 14
0.3503360736482146 0.5335285344609162 0.403083982664377 15.430934827086066 107.05371952837662 153.2602104047559 15
0.3525710052717938 0.34309011381672483 0.8526365193426289 195.10070312659812 156.27014906920695 174.24193560133153 16
0.7324999145970955 0.5400133738051242 0.28619140121380043 338.8915791838501 74.11591877464463 334.68767823671743 17
0.35243465103143934 0.9605604803774503 0.9552021507589243 193.63765386390978 68.3274338829635 344.1495411051003 18
0.6428419906734983 0.7138694433033711 0.9659108609093404 304.60710431107003 37.6861825006645 255.4126252418798 19
0.46829130694110194 0.15324299141127937 0.2710210666465612 125.55946611277776 129.8799254339723 226.53252476590797 20
0.0940672683400414 0.4555837931453553 0.9164412951946286 294.9711234346677 46.18034953310567 65.15712545362872 21
0.101271396587657 0.6624824658976936 0.8947060842772454 172.874412728075 70.97297743487788 341.21868144916186 22
0.15745851828552948 0.2932790891179241 0.3384047071028468 71.57589828635614 116.22698282752178 56.19200368977159 23
0.5789419372099314 0.3343279298081534 0.07934545825395513 350.00296796998504 97.86437213968267 269.163367513516 24
0.5906527675527887 0.9660220418002702 0.6675599941909525 97.69425436134867 128.5475210945397 131.6081675059479 25
0.4604973353701437 0.9622677583699182 0.7327639153580642 338.13664804205695 114.77175992935436 46.88380882850344 26
0.027271007598919227 0.6605715859400386 0.6688777549817714 188.3321306081164 92.3630290600282 17.70806632070283 27
0.6023919242930578 0.40815563745053585 0.031734848419078365 324.1230266309485 111.22681458853698 51.566006661275864 28
0.4829592136913677 0.16943429446961056 0.840521804899509 120.24276805547358 122.3412827572072 120.39569844292278 29
0.1582655306642984 0.5959479038903704 0.7226038574289507 297.77902986114265 96.92521555061549 245.64648015879985 30
0.8576595906036846 0.019374881671738918 0.9100001953652288 154.52776338232667 93.60288453062851 191.90344916753713 31
0.5997639651816146 0.5240019690018762 0.4210355736774024 118.7720356097741 109.76780139565736 21.076244840677994 32
0.09414283552423515 0.33302161340436026 0.46928555070254174 92.79288251799619 44.35044417181093 330.3877081711651 33
0.5170273400389775 0.7759013581518015 0.7194701281494738 353.72194142242654 102.57930765494616 55.006278001152104 34
0.03940738718594984 0.016213677284913172 0.09670798766670535 27.1908555625221 128.56026068911666 111.85721076750919 35
0.021239260065729182 0.40891833284453694 0.2689616227173762 51.8097895506571 115.83714842891479 188.47618055167058 36
0.5845283535283681 0.343258930662107 0.8417173683819308 230.11413454084862 43.85663128810406 313.1241869015127 37
0.34604976672058624 0.22513604954440847 0.9697116225948976 143.33264664411692 104.31491180423424 339.16104787141103 38
0.08653925660555141 0.8356815072581456 0.9785882814784597 187.99622270546027 28.17097829932544 118.00392445761071 39
0.8544985612850143 0.1713981674475824 0.22000543138829792 263.4773121428385 105.82271496180648 73.24309087111504 40
0.6660216693616688 0.6043974046000101 0.044089402584503376 201.7708190076405 108.65189030204085 330.00878687963524 41
0.8529483680587842 0.668460912687879 0.3590922613004749 352.50312949774275 58.06612781887686 67.36683655077454 42
0.038974331089446215 0.09059106892536749 0.7893242849463019 101.0472420676934 126.0077491850803 13.638434492909548 43
0.02450198955488535 0.27676561957388024 0.8377257067367059 170.68972172659616 31.58260534452173 220.47825159286086 44
0.908320340170818 0.6530783700553177 0.6074129193426335 315.46079778659794 150.52525093071776 296.53260304495734 45
0.4657434721463807 0.7943459045875321 0.4194925057788796 214.0073342376706 79.29146196938534 40.14670254468064 46
0.523788615350985 0.7864642533165923 0.8340169381002548 166.09962592038264 72.2089730263556 295.3710793581639 47
0.16076797772285287 0.09479211160759146 0.32840138663618595 76.035897316325 120.79589357314367 11.855793686974948 48
0.3291005882430132 0.7722604873810525 0.2867535884716417 238.86148865039334 37.06022834382162 52.70048109963034 49
0.4007184915760645 0.9735987261932016 0.1476282517322715 34.52786082666408 67.69781411793923 234.67172596487507 50
0.7857777974610137 0.0960649384251909 0.3409112277210529 54.87057335062593 36.92992469894704 211.9728801032212 51
0.9173829764241345 0.21940992852812713 0.8463437602313741 253.5285094532935 50.332180574243864 354.71264155307966 52
0.6702342287498262 0.4706489838249442 0.03127745197750024 51.15592784728344 31.32954836777474 323.43322094747094 53
0.5250541140346285 0.6436786403362066 0.41197768274170626 210.51252346883552 132.10244629120638 239.09645084544348 54
0.03247204972004948 0.15904335195291053 0.4062779863261429 212.38029818307524 126.69722698022133 190.97936792552855 55
0.6706644182265343 0.29362794735083836 0.7249026009598947 271.82901818473744 34.491980715517606 223.6305736205136 56
0.40940556305462183 0.6079920312188695 0.1592600748791722 94.55341157944865 162.3541877814897 341.81946426690047 57
0.15108811538546363 0.599722149632004 0.6608580603849035 307.3833942964677 94.96781305909704 48.29286702188291 58
0.7956166962750891 0.21128264564341945 0.14423859369771963 233.72958891112702 22.740375327945603 141.9476097733213 59
0.8292754397310362 0.4611231252009558 0.7682315787103988 51.94181475717804 89.7420580104335 124.90440550597444 60
0.6052903058248504 0.3942664278291636 0.2034109689037276 66.32858896733974 105.75315560979736 46.23977083790687 61
0.4189018327646754 0.7033035555888308 0.8384921242171739 173.0448083674916 58.2880605682765 352.82059734293404 62
0.5383442306286566 0.5870375232195384 0.358208829571847 309.4227406265709 56.754222186118774 98.075134209414 63
0.7078672780749757 0.08140312354048065 0.1571287247930707 278.3855854942677 113.39609768587549 75.91069348278354 64
0.7667680063480447 0.4065013075866245 0.2667458913972283 143.0677517081953 139.05076434929086 144.1634858336737 65
0.35044460817630374 0.5931263001023253 0.03252573172335077 8.226778392119535 125.73972868772657 74.43207433167467 66
0.6598140426801749 0.7134337867768284 0.6423216754562513 216.18171650392372 82.41478723295292 181.07211755769947 67
0.3369486881183372 0.20645026247703227 0.27892579945570267 333.38161890718635 76.62060360665129 40.97396737018271 68
0.4138351891942744 0.7691866238226196 0.4045886601146263 71.76541171932 9.368415132621756 67.80180660609157 69
0.6714699805508064 0.7940385171310874 0.9836353909812615 36.399741735507185 69.14563111615651 350.213055519145 70
0.7890388133051608 0.2222548801033608 0.4615546068111179 85.67242944602344 126.37827189246907 178.71493507460806 71
0.16807489856192154 0.4706496406054392 0.20946254704840486 232.93185050626434 43.460100281379574 3.631182447137764 72
0.40256285993333046 0.9733515876105424 0.09022874199390077 199.00548531923545 132.6160351315185 230.43645131735852 73
0.7697133138012907 0.2910397208909915 0.3980867254621642 298.1731366460105 147.14223551849082 261.5123529342932 74
0.5428911068118826 0.3296950015581762 0.7822226788365321 104.07088543362211 164.16720055515324 66.74728510666729 75
0.7117505234479202 0.45627818516326557 0.896143774481483 303.1034473375965 87.0710473544873 260.575781894464 76
0.6542555298425788 0.7909640291197808 0.8981321789857657 176.21817841786523 150.81293817933178 32.167605048331495 77
0.7149858184465966 0.478869272279064 0.22293217245449579 332.9650075596462 109.37711434138649 21.893725884218274 78
0.5812614041862485 0.03217316781926342 0.8501994744290645 32.08028773380699 59.52666534395576 157.79742340729553 79
0.5299585681827343 0.7719486369781341 0.16360827472060785 21.793121561879047 73.12624418855837 4.919208883661659 80
0.15798393399527885 0.5448452565790757 0.7197977352437227 205.3698590856176 99.40384200932006 87.70415731987603 81
0.35208545592818613 0.41386767205081815 0.40803891474804305 141.31894848471262 145.04985895140146 356.8170433086227 82
0.23415589167525416 0.5953969826260563 0.9146250310499091 159.79748827670616 169.95713749155215 26.34394153856235 83
0.03379677378511861 0.7060608259100395 0.7116205976751506 88.86744721334829 114.62469149457976 7.663282628042611 84
0.9064867688804706 0.2121029734002004 0.7787871316541075 196.15755405395288 91.1735846486479 112.49480042320936 85
0.7732128056049441 0.462626354423267 0.03602233986620782 117.5498708397316 147.65240421991177 328.9950258717145 86
0.6613690810035343 0.5999579635157607 0.23338211502247452 324.2193665741884 62.94923351111964 123.80879407854513 87
0.9604719689865644 0.9090045803510423 0.14914101107216104 347.7022839153584 58.35111458739219 144.56888482945237 88
0.40946888217214245 0.4145095104038362 0.908475549695247 79.35735906482837 75.0445889434579 123.99862218137054 89
0.8952707570160736 0.518982637527289 0.6556083433892258 73.71544550165511 126.0513848396331 315.8102835272626 90
0.1670569876371366 0.2188804905456061 0.2279875591893622 104.57644367504747 86.25049575867554 249.69102415392555 91
0.5952387946669403 0.4670627586149717 0.09245953488627097 190.7785336238377 12.486236370030179 168.39749271618786 92
0.729689458152722 0.7132504619971174 0.9082773836427708 175.31275373349396 157.82953580541587 6.993268585773671 93
0.7149547047806062 0.08739002149039554 0.39997900037556156 169.17253184073815 121.49855082579175 189.5736347204026 94
0.5205937671986915 0.7298913543743057 0.6439891778175039 293.34536723247544 31.906242519636596 101.20447767964086 95
0.14820058736956354 0.7138922138518596 0.7810848158611777 305.01904528541957 148.31999096737712 214.98792112945299 96
0.5283992138566663 0.7212113513236127 0.5252643776453084 226.3255926493979 127.21309645045233 43.634641830842476 97
0.3386377382950726 0.16364867282582865 0.7673725919830239 301.46712257260685 116.94104099703542 319.6596817295068 98
0.7703943773703388 0.4782388252383725 0.47750516462976417 154.80387702517663 50.83052175913706 115.06937859104676 99
0.8919114172376384 0.03944692473065766 0.22112920465720515 121.22843081381168 73.58991361378538 4.058681327648945 100
